0 6  6 0  2 6  6 2  0 7  7 0  3 7  7 3  1 8  8 1  2 8  8 2  1 9  9 1  4 9  9 4  2 10  10 2  5 10  10 5  3 11  11 3  4 11  11 4  3 12  12 3  5 12  12 5  4 13  13 4  5 13  13 5  0 1  1 0  6 9  9 6  7 13  13 7  8 12  12 8  10 11  11 10
0 6  6 0  2 6  6 2  0 7  7 0  3 7  7 3  1 8  8 1  2 8  8 2  1 9  9 1  4 9  9 4  2 10  10 2  5 10  10 5  3 11  11 3  4 11  11 4  3 12  12 3  5 12  12 5  4 13  13 4  5 13  13 5  0 1  1 0  6 12  12 6  7 9  9 7  8 13  13 8  10 11  11 10
0 6  6 0  2 6  6 2  0 7  7 0  3 7  7 3  1 8  8 1  2 8  8 2  1 9  9 1  4 9  9 4  2 10  10 2  5 10  10 5  3 11  11 3  4 11  11 4  3 12  12 3  5 12  12 5  4 13  13 4  5 13  13 5  0 1  1 0  6 13  13 6  7 8  8 7  9 12  12 9  10 11  11 10
0 6  6 0  2 6  6 2  0 7  7 0  3 7  7 3  1 8  8 1  2 8  8 2  1 9  9 1  4 9  9 4  2 10  10 2  5 10  10 5  3 11  11 3  4 11  11 4  3 12  12 3  5 12  12 5  4 13  13 4  5 13  13 5  0 1  1 0  6 13  13 6  7 9  9 7  8 12  12 8  10 11  11 10
0 6  6 0  1 6  6 1  0 7  7 0  3 7  7 3  1 8  8 1  2 8  8 2  1 9  9 1  4 9  9 4  2 10  10 2  5 10  10 5  3 11  11 3  4 11  11 4  3 12  12 3  5 12  12 5  4 13  13 4  5 13  13 5  0 2  2 0  6 10  10 6  7 13  13 7  8 11  11 8  9 12  12 9
0 6  6 0  1 6  6 1  0 7  7 0  3 7  7 3  1 8  8 1  2 8  8 2  1 9  9 1  4 9  9 4  2 10  10 2  5 10  10 5  3 11  11 3  4 11  11 4  3 12  12 3  5 12  12 5  4 13  13 4  5 13  13 5  0 2  2 0  6 11  11 6  7 10  10 7  8 13  13 8  9 12  12 9
0 6  6 0  1 6  6 1  0 7  7 0  3 7  7 3  1 8  8 1  2 8  8 2  1 9  9 1  4 9  9 4  2 10  10 2  5 10  10 5  3 11  11 3  4 11  11 4  3 12  12 3  5 12  12 5  4 13  13 4  5 13  13 5  0 2  2 0  6 13  13 6  7 8  8 7  9 12  12 9  10 11  11 10
0 6  6 0  1 6  6 1  0 7  7 0  3 7  7 3  1 8  8 1  2 8  8 2  1 9  9 1  4 9  9 4  2 10  10 2  5 10  10 5  3 11  11 3  4 11  11 4  3 12  12 3  5 12  12 5  4 13  13 4  5 13  13 5  0 2  2 0  6 13  13 6  7 10  10 7  8 11  11 8  9 12  12 9
0 6  6 0  1 6  6 1  0 7  7 0  2 7  7 2  1 8  8 1  2 8  8 2  1 9  9 1  4 9  9 4  2 10  10 2  5 10  10 5  3 11  11 3  4 11  11 4  3 12  12 3  5 12  12 5  4 13  13 4  5 13  13 5  0 3  3 0  6 10  10 6  7 11  11 7  8 13  13 8  9 12  12 9
0 6  6 0  1 6  6 1  0 7  7 0  2 7  7 2  1 8  8 1  2 8  8 2  1 9  9 1  4 9  9 4  2 10  10 2  5 10  10 5  3 11  11 3  4 11  11 4  3 12  12 3  5 12  12 5  4 13  13 4  5 13  13 5  0 3  3 0  6 11  11 6  7 12  12 7  8 13  13 8  9 10  10 9
0 6  6 0  1 6  6 1  0 7  7 0  2 7  7 2  1 8  8 1  2 8  8 2  1 9  9 1  4 9  9 4  2 10  10 2  5 10  10 5  3 11  11 3  4 11  11 4  3 12  12 3  5 12  12 5  4 13  13 4  5 13  13 5  0 3  3 0  6 11  11 6  7 13  13 7  8 12  12 8  9 10  10 9
0 6  6 0  1 6  6 1  0 7  7 0  2 7  7 2  1 8  8 1  2 8  8 2  1 9  9 1  4 9  9 4  2 10  10 2  5 10  10 5  3 11  11 3  4 11  11 4  3 12  12 3  5 12  12 5  4 13  13 4  5 13  13 5  0 3  3 0  6 12  12 6  7 9  9 7  8 13  13 8  10 11  11 10
0 6  6 0  1 6  6 1  0 7  7 0  2 7  7 2  1 8  8 1  2 8  8 2  1 9  9 1  4 9  9 4  2 10  10 2  5 10  10 5  3 11  11 3  4 11  11 4  3 12  12 3  5 12  12 5  4 13  13 4  5 13  13 5  0 3  3 0  6 12  12 6  7 11  11 7  8 13  13 8  9 10  10 9
0 6  6 0  1 6  6 1  0 7  7 0  2 7  7 2  1 8  8 1  2 8  8 2  1 9  9 1  4 9  9 4  2 10  10 2  5 10  10 5  3 11  11 3  4 11  11 4  3 12  12 3  5 12  12 5  4 13  13 4  5 13  13 5  0 3  3 0  6 12  12 6  7 13  13 7  8 11  11 8  9 10  10 9
0 6  6 0  1 6  6 1  0 7  7 0  2 7  7 2  1 8  8 1  2 8  8 2  1 9  9 1  4 9  9 4  2 10  10 2  5 10  10 5  3 11  11 3  4 11  11 4  3 12  12 3  5 12  12 5  4 13  13 4  5 13  13 5  0 3  3 0  6 13  13 6  7 11  11 7  8 12  12 8  9 10  10 9
0 6  6 0  1 6  6 1  0 7  7 0  2 7  7 2  1 8  8 1  2 8  8 2  1 9  9 1  4 9  9 4  2 10  10 2  5 10  10 5  3 11  11 3  4 11  11 4  3 12  12 3  5 12  12 5  4 13  13 4  5 13  13 5  0 3  3 0  6 13  13 6  7 12  12 7  8 11  11 8  9 10  10 9
0 6  6 0  1 6  6 1  0 7  7 0  2 7  7 2  0 8  8 0  3 8  8 3  1 9  9 1  4 9  9 4  2 10  10 2  5 10  10 5  3 11  11 3  4 11  11 4  3 12  12 3  5 12  12 5  4 13  13 4  5 13  13 5  1 2  2 1  6 10  10 6  7 11  11 7  8 13  13 8  9 12  12 9
0 6  6 0  1 6  6 1  0 7  7 0  2 7  7 2  0 8  8 0  3 8  8 3  1 9  9 1  4 9  9 4  2 10  10 2  5 10  10 5  3 11  11 3  4 11  11 4  3 12  12 3  5 12  12 5  4 13  13 4  5 13  13 5  1 2  2 1  6 11  11 6  7 12  12 7  8 13  13 8  9 10  10 9
0 6  6 0  1 6  6 1  0 7  7 0  2 7  7 2  0 8  8 0  3 8  8 3  1 9  9 1  4 9  9 4  2 10  10 2  5 10  10 5  3 11  11 3  4 11  11 4  3 12  12 3  5 12  12 5  4 13  13 4  5 13  13 5  1 2  2 1  6 12  12 6  7 9  9 7  8 13  13 8  10 11  11 10
0 6  6 0  1 6  6 1  0 7  7 0  2 7  7 2  0 8  8 0  3 8  8 3  1 9  9 1  4 9  9 4  2 10  10 2  5 10  10 5  3 11  11 3  4 11  11 4  3 12  12 3  5 12  12 5  4 13  13 4  5 13  13 5  1 2  2 1  6 12  12 6  7 11  11 7  8 13  13 8  9 10  10 9
0 6  6 0  1 6  6 1  0 7  7 0  2 7  7 2  0 8  8 0  3 8  8 3  1 9  9 1  2 9  9 2  2 10  10 2  5 10  10 5  3 11  11 3  4 11  11 4  3 12  12 3  5 12  12 5  4 13  13 4  5 13  13 5  1 4  4 1  6 10  10 6  7 12  12 7  8 13  13 8  9 11  11 9
0 6  6 0  1 6  6 1  0 7  7 0  2 7  7 2  0 8  8 0  3 8  8 3  1 9  9 1  2 9  9 2  2 10  10 2  5 10  10 5  3 11  11 3  4 11  11 4  3 12  12 3  5 12  12 5  4 13  13 4  5 13  13 5  1 4  4 1  6 11  11 6  7 12  12 7  8 10  10 8  9 13  13 9
0 6  6 0  1 6  6 1  0 7  7 0  2 7  7 2  0 8  8 0  3 8  8 3  1 9  9 1  2 9  9 2  2 10  10 2  5 10  10 5  3 11  11 3  4 11  11 4  3 12  12 3  5 12  12 5  4 13  13 4  5 13  13 5  1 4  4 1  6 11  11 6  7 13  13 7  8 10  10 8  9 12  12 9
0 6  6 0  1 6  6 1  0 7  7 0  2 7  7 2  0 8  8 0  3 8  8 3  1 9  9 1  2 9  9 2  2 10  10 2  5 10  10 5  3 11  11 3  4 11  11 4  3 12  12 3  5 12  12 5  4 13  13 4  5 13  13 5  1 4  4 1  6 12  12 6  7 11  11 7  8 10  10 8  9 13  13 9
0 6  6 0  1 6  6 1  0 7  7 0  2 7  7 2  0 8  8 0  3 8  8 3  1 9  9 1  2 9  9 2  2 10  10 2  5 10  10 5  3 11  11 3  4 11  11 4  3 12  12 3  5 12  12 5  4 13  13 4  5 13  13 5  1 4  4 1  6 12  12 6  7 13  13 7  8 10  10 8  9 11  11 9
0 6  6 0  1 6  6 1  0 7  7 0  2 7  7 2  0 8  8 0  3 8  8 3  1 9  9 1  2 9  9 2  2 10  10 2  5 10  10 5  3 11  11 3  4 11  11 4  3 12  12 3  5 12  12 5  4 13  13 4  5 13  13 5  1 4  4 1  6 13  13 6  7 11  11 7  8 10  10 8  9 12  12 9
0 6  6 0  1 6  6 1  0 7  7 0  2 7  7 2  0 8  8 0  3 8  8 3  1 9  9 1  2 9  9 2  2 10  10 2  5 10  10 5  3 11  11 3  4 11  11 4  3 12  12 3  5 12  12 5  4 13  13 4  5 13  13 5  1 4  4 1  6 13  13 6  7 12  12 7  8 9  9 8  10 11  11 10
0 6  6 0  1 6  6 1  0 7  7 0  2 7  7 2  0 8  8 0  3 8  8 3  1 9  9 1  2 9  9 2  2 10  10 2  5 10  10 5  3 11  11 3  4 11  11 4  3 12  12 3  5 12  12 5  4 13  13 4  5 13  13 5  1 4  4 1  6 13  13 6  7 12  12 7  8 10  10 8  9 11  11 9
0 6  6 0  1 6  6 1  0 7  7 0  2 7  7 2  0 8  8 0  3 8  8 3  1 9  9 1  2 9  9 2  1 10  10 1  4 10  10 4  3 11  11 3  4 11  11 4  3 12  12 3  5 12  12 5  4 13  13 4  5 13  13 5  2 5  5 2  6 11  11 6  7 10  10 7  8 13  13 8  9 12  12 9
0 6  6 0  1 6  6 1  0 7  7 0  2 7  7 2  0 8  8 0  3 8  8 3  1 9  9 1  2 9  9 2  1 10  10 1  4 10  10 4  3 11  11 3  4 11  11 4  3 12  12 3  5 12  12 5  4 13  13 4  5 13  13 5  2 5  5 2  6 11  11 6  7 12  12 7  8 10  10 8  9 13  13 9
0 6  6 0  1 6  6 1  0 7  7 0  2 7  7 2  0 8  8 0  3 8  8 3  1 9  9 1  2 9  9 2  1 10  10 1  4 10  10 4  3 11  11 3  4 11  11 4  3 12  12 3  5 12  12 5  4 13  13 4  5 13  13 5  2 5  5 2  6 11  11 6  7 13  13 7  8 9  9 8  10 12  12 10
0 6  6 0  1 6  6 1  0 7  7 0  2 7  7 2  0 8  8 0  3 8  8 3  1 9  9 1  2 9  9 2  1 10  10 1  4 10  10 4  3 11  11 3  4 11  11 4  3 12  12 3  5 12  12 5  4 13  13 4  5 13  13 5  2 5  5 2  6 11  11 6  7 13  13 7  8 10  10 8  9 12  12 9
0 6  6 0  1 6  6 1  0 7  7 0  2 7  7 2  0 8  8 0  3 8  8 3  1 9  9 1  2 9  9 2  1 10  10 1  4 10  10 4  3 11  11 3  4 11  11 4  3 12  12 3  5 12  12 5  4 13  13 4  5 13  13 5  2 5  5 2  6 12  12 6  7 11  11 7  8 10  10 8  9 13  13 9
0 6  6 0  1 6  6 1  0 7  7 0  2 7  7 2  0 8  8 0  3 8  8 3  1 9  9 1  2 9  9 2  1 10  10 1  4 10  10 4  3 11  11 3  4 11  11 4  3 12  12 3  5 12  12 5  4 13  13 4  5 13  13 5  2 5  5 2  6 12  12 6  7 13  13 7  8 10  10 8  9 11  11 9
0 6  6 0  1 6  6 1  0 7  7 0  2 7  7 2  0 8  8 0  3 8  8 3  1 9  9 1  2 9  9 2  1 10  10 1  4 10  10 4  3 11  11 3  4 11  11 4  3 12  12 3  5 12  12 5  4 13  13 4  5 13  13 5  2 5  5 2  6 13  13 6  7 11  11 7  8 10  10 8  9 12  12 9
0 6  6 0  1 6  6 1  0 7  7 0  2 7  7 2  0 8  8 0  3 8  8 3  1 9  9 1  2 9  9 2  1 10  10 1  4 10  10 4  3 11  11 3  4 11  11 4  3 12  12 3  5 12  12 5  4 13  13 4  5 13  13 5  2 5  5 2  6 13  13 6  7 12  12 7  8 10  10 8  9 11  11 9
0 6  6 0  1 6  6 1  0 7  7 0  2 7  7 2  0 8  8 0  3 8  8 3  1 9  9 1  2 9  9 2  1 10  10 1  4 10  10 4  2 11  11 2  5 11  11 5  3 12  12 3  5 12  12 5  4 13  13 4  5 13  13 5  3 4  4 3  6 11  11 6  7 10  10 7  8 13  13 8  9 12  12 9
0 6  6 0  1 6  6 1  0 7  7 0  2 7  7 2  0 8  8 0  3 8  8 3  1 9  9 1  2 9  9 2  1 10  10 1  4 10  10 4  2 11  11 2  5 11  11 5  3 12  12 3  5 12  12 5  4 13  13 4  5 13  13 5  3 4  4 3  6 11  11 6  7 12  12 7  8 10  10 8  9 13  13 9
0 6  6 0  1 6  6 1  0 7  7 0  2 7  7 2  0 8  8 0  3 8  8 3  1 9  9 1  2 9  9 2  1 10  10 1  4 10  10 4  2 11  11 2  5 11  11 5  3 12  12 3  5 12  12 5  4 13  13 4  5 13  13 5  3 4  4 3  6 11  11 6  7 13  13 7  8 9  9 8  10 12  12 10
0 6  6 0  1 6  6 1  0 7  7 0  2 7  7 2  0 8  8 0  3 8  8 3  1 9  9 1  2 9  9 2  1 10  10 1  4 10  10 4  2 11  11 2  5 11  11 5  3 12  12 3  5 12  12 5  4 13  13 4  5 13  13 5  3 4  4 3  6 11  11 6  7 13  13 7  8 10  10 8  9 12  12 9
0 6  6 0  1 6  6 1  0 7  7 0  2 7  7 2  0 8  8 0  3 8  8 3  1 9  9 1  2 9  9 2  1 10  10 1  4 10  10 4  2 11  11 2  5 11  11 5  3 12  12 3  4 12  12 4  4 13  13 4  5 13  13 5  3 5  5 3  6 11  11 6  7 10  10 7  8 13  13 8  9 12  12 9
0 6  6 0  1 6  6 1  0 7  7 0  2 7  7 2  0 8  8 0  3 8  8 3  1 9  9 1  2 9  9 2  1 10  10 1  4 10  10 4  2 11  11 2  5 11  11 5  3 12  12 3  4 12  12 4  4 13  13 4  5 13  13 5  3 5  5 3  6 12  12 6  7 10  10 7  8 11  11 8  9 13  13 9
0 6  6 0  1 6  6 1  0 7  7 0  2 7  7 2  0 8  8 0  3 8  8 3  1 9  9 1  2 9  9 2  1 10  10 1  4 10  10 4  2 11  11 2  5 11  11 5  3 12  12 3  4 12  12 4  4 13  13 4  5 13  13 5  3 5  5 3  6 13  13 6  7 10  10 7  8 9  9 8  11 12  12 11
0 6  6 0  1 6  6 1  0 7  7 0  2 7  7 2  0 8  8 0  3 8  8 3  1 9  9 1  2 9  9 2  1 10  10 1  4 10  10 4  2 11  11 2  5 11  11 5  3 12  12 3  4 12  12 4  4 13  13 4  5 13  13 5  3 5  5 3  6 13  13 6  7 10  10 7  8 11  11 8  9 12  12 9
0 6  6 0  1 6  6 1  0 7  7 0  2 7  7 2  0 8  8 0  3 8  8 3  1 9  9 1  2 9  9 2  1 10  10 1  4 10  10 4  2 11  11 2  5 11  11 5  3 12  12 3  4 12  12 4  3 13  13 3  5 13  13 5  4 5  5 4  6 11  11 6  7 12  12 7  8 9  9 8  10 13  13 10
0 6  6 0  1 6  6 1  0 7  7 0  2 7  7 2  0 8  8 0  3 8  8 3  1 9  9 1  2 9  9 2  1 10  10 1  4 10  10 4  2 11  11 2  5 11  11 5  3 12  12 3  4 12  12 4  3 13  13 3  5 13  13 5  4 5  5 4  6 12  12 6  7 13  13 7  8 9  9 8  10 11  11 10
0 6  6 0  1 6  6 1  0 7  7 0  2 7  7 2  0 8  8 0  3 8  8 3  1 9  9 1  2 9  9 2  1 10  10 1  4 10  10 4  2 11  11 2  5 11  11 5  3 12  12 3  4 12  12 4  3 13  13 3  5 13  13 5  4 5  5 4  6 13  13 6  7 10  10 7  8 9  9 8  11 12  12 11
0 6  6 0  1 6  6 1  0 7  7 0  2 7  7 2  0 8  8 0  3 8  8 3  1 9  9 1  2 9  9 2  1 10  10 1  4 10  10 4  2 11  11 2  5 11  11 5  3 12  12 3  4 12  12 4  3 13  13 3  5 13  13 5  4 5  5 4  6 13  13 6  7 12  12 7  8 9  9 8  10 11  11 10
